V 54
K 1
D 0 -508000 4318000 0
Y 1
U 3937000 762000 254000 0 2 3 REFDES=IC?
U 3937000 508000 254000 0 2 3 DEVICE=MOC3021SM
U 3937000 254000 254000 0 2 0 PKG_TYPE=SOP254P916X480-6N
U 3937000 0 254000 0 2 0 Description=6-Pin DIP Random-Phase Triac Driver Output Optocoupler (250/400 V Peak)
U 3937000 -254000 254000 0 2 0 Datasheet Link=https://www.onsemi.com/pub/Collateral/MOC3023M-D.PDF
U 3937000 -508000 254000 0 2 0 Height=4.8
U 3937000 -762000 254000 0 2 0 Mouser Part Number=512-MOC3021SM
U 3937000 -1016000 254000 0 2 0 Mouser Price/Stock=https://www.mouser.co.uk/ProductDetail/onsemi-Fairchild/MOC3021SM?qs=ZS9em9a1DI4mnS4oQ%2FdKAA%3D%3D
U 3937000 -1270000 254000 0 2 0 Manufacturer_Name=onsemi
U 3937000 -1524000 254000 0 2 0 Manufacturer_Part_Number=MOC3021SM
U 0 0 254000 0 1 0 FORWARD_PCB=1
l 5 508000 254000 3810000 254000 3810000 -762000 508000 -762000 508000 254000
|GRPHSTL -1 -1 -1 1
P 1 0 0 508000 0 0 2 0
L 584200 0 228600 0 2 0 1 0 ANODE
A 355600 50800 203200 0 9 3 #=1
A 0 0 9 0 3 0 PINTYPE=BI
P 2 0 -254000 508000 -254000 0 2 0
L 584200 -254000 228600 0 2 0 1 0 CATHODE
A 355600 -203200 203200 0 9 3 #=2
A 0 0 9 0 3 0 PINTYPE=BI
P 3 0 -508000 508000 -508000 0 2 0
L 584200 -508000 228600 0 2 0 1 0 N/C
A 355600 -457200 203200 0 9 3 #=3
A 0 0 9 0 3 0 PINTYPE=BI
P 4 4318000 0 3810000 0 0 3 0
L 3733800 0 228600 0 8 0 1 0 MAIN_TERM._2
A 3962400 50800 203200 0 3 3 #=6
A 0 0 9 0 3 0 PINTYPE=BI
P 5 4318000 -254000 3810000 -254000 0 3 0
L 3733800 -254000 228600 0 8 0 1 0 NC
A 3962400 -203200 203200 0 3 3 #=5
A 0 0 9 0 3 0 PINTYPE=BI
P 6 4318000 -508000 3810000 -508000 0 3 0
L 3733800 -508000 228600 0 8 0 1 0 MAIN_TERM._1
A 3962400 -457200 203200 0 3 3 #=4
A 0 0 9 0 3 0 PINTYPE=BI
E
