V 54
K 1
D 0 -635000 1524000 0
Y 1
U 1397000 -254000 254000 0 2 3 REFDES=Q?
U 1397000 -508000 254000 0 2 3 DEVICE=BT139-600E,127
U 1397000 -762000 254000 0 2 0 PKG_TYPE=TO254P470X1000X2000-3P
U 1397000 -1016000 254000 0 2 0 Description=Triacs RAIL TRIAC
U 1397000 -1270000 254000 0 2 0 Datasheet Link=
U 1397000 -1524000 254000 0 2 0 Height=4.7
U 1397000 -1778000 254000 0 2 0 Mouser Part Number=771-BT139-600E127
U 1397000 -2032000 254000 0 2 0 Mouser Price/Stock=https://www.mouser.co.uk/ProductDetail/WeEn-Semiconductors/BT139-600E127?qs=me8TqzrmIYU78FBWg3nQmw%3D%3D
U 1397000 -2286000 254000 0 2 0 Manufacturer_Name=WeEn Semiconductors
U 1397000 -2540000 254000 0 2 0 Manufacturer_Part_Number=BT139-600E,127
U 0 0 254000 0 1 0 FORWARD_PCB=1
l 4 889000 254000 889000 0 635000 127000 889000 254000
|GRPHSTL -1 1 -1 3
l 4 635000 -254000 635000 0 889000 -127000 635000 -254000
|GRPHSTL -1 1 -1 3
l 2 889000 0 889000 -254000
|GRPHSTL -1 -1 -1 1
l 2 635000 0 635000 254000
|GRPHSTL -1 -1 -1 1
l 2 889000 0 1270000 0
|GRPHSTL -1 -1 -1 1
l 2 635000 0 254000 0
|GRPHSTL -1 -1 -1 1
l 2 889000 -127000 1270000 -381000
|GRPHSTL -1 -1 -1 1
c 762000 0 457200
|GRPHSTL -1 -1 -1 3
P 1 1524000 0 1270000 0 0 3 0
L 1524000 -50800 228600 0 7 0 3 0 MT1
A 1270000 25400 203200 0 3 3 #=1
A 0 0 9 0 3 0 PINTYPE=BI
P 2 0 0 254000 0 0 2 0
L 0 -50800 228600 0 1 0 3 0 MT2
A 279400 25400 203200 0 9 3 #=2
A 0 0 9 0 3 0 PINTYPE=BI
P 3 1270000 -635000 1270000 -381000 0 1 0
L 1320800 -635000 228600 0 3 0 3 0 G
A 1244600 -635000 203200 0 9 3 #=3
A 0 0 9 0 3 0 PINTYPE=BI
E
