V 54
K 1
D 0 -254000 3048000 0
Y 1
U 2667000 762000 254000 0 2 3 REFDES=S?
U 2667000 508000 254000 0 2 3 DEVICE=B3F-4055S
U 2667000 254000 254000 0 2 0 PKG_TYPE=B3F4055S
U 2667000 0 254000 0 2 0 Description=Tactile Switches 12X12 PROJ 7.3MM BTN TACTILE
U 2667000 -254000 254000 0 2 0 Datasheet Link=https://media.digikey.com/pdf/Data%20Sheets/Omron%20PDFs/B3F.pdf
U 2667000 -508000 254000 0 2 0 Height=7.5
U 2667000 -762000 254000 0 2 0 Mouser Part Number=653-B3F-4055S
U 2667000 -1016000 254000 0 2 0 Mouser Price/Stock=https://www.mouser.co.uk/ProductDetail/Omron-Electronics/B3F-4055S?qs=nUVjeaT6QSw5AU9Uc2mCbQ%3D%3D
U 2667000 -1270000 254000 0 2 0 Manufacturer_Name=Omron Electronics
U 2667000 -1524000 254000 0 2 0 Manufacturer_Part_Number=B3F-4055S
U 0 0 254000 0 1 0 FORWARD_PCB=1
l 5 508000 254000 2540000 254000 2540000 -508000 508000 -508000 508000 254000
|GRPHSTL -1 -1 -1 1
P 1 3048000 -254000 2540000 -254000 0 3 0
L 2463800 -254000 228600 0 8 0 1 0 COM_1
A 2692400 -203200 203200 0 3 3 #=1
A 0 0 9 0 3 0 PINTYPE=BI
P 2 0 -254000 508000 -254000 0 2 0
L 584200 -254000 228600 0 2 0 1 0 COM_2
A 355600 -203200 203200 0 9 3 #=2
A 0 0 9 0 3 0 PINTYPE=BI
P 3 3048000 0 2540000 0 0 3 0
L 2463800 0 228600 0 8 0 1 0 NO_1
A 2692400 50800 203200 0 3 3 #=3
A 0 0 9 0 3 0 PINTYPE=BI
P 4 0 0 508000 0 0 2 0
L 584200 0 228600 0 2 0 1 0 NO_2
A 355600 50800 203200 0 9 3 #=4
A 0 0 9 0 3 0 PINTYPE=BI
E
